level,exp_need[2],exp_need[3],exp_need[4],exp_need[5]
1,0,0,0,0
2,120,240,480,960
3,240,480,960,1920
4,480,960,1920,3840
5,960,1920,3840,7680
6,1920,3840,7680,15360
7,3840,7680,15360,30720
8,7680,15360,30720,61440
9,15360,30720,61440,122880
10,30720,61440,122880,245760
